.Random.seed <-
c(403L, 10L, 320396905L, 1299107483L, 1009116074L, 1770899404L, 
799513231L, -721653051L, 269916796L, -867338542L, -779435443L, 
2021084935L, 140382958L, -2067552312L, -1368381237L, -1204963031L, 
-1159470728L, 812607142L, -1228689215L, -1435231917L, 20727298L, 
463732532L, -1209914185L, -507020115L, 1791420868L, 1667074538L, 
1162868309L, 1726408687L, 1643231222L, -1028722400L, -789709085L, 
399517569L, -1721900560L, 1708908686L, -136493063L, 665345419L, 
1457916346L, 1868581052L, 2016750591L, 1393498453L, -1842912660L, 
-1945057598L, 212668701L, -2016696425L, 1147347710L, 1681864888L, 
-492658021L, -2131054343L, -1175580088L, -1418625674L, 799403185L, 
665452771L, -112713806L, 447406084L, 1575113543L, -865039843L, 
-987553644L, 1827393594L, 1356714629L, -504179873L, 300755942L, 
-1482643856L, -631535213L, 114617905L, 680084704L, 245593470L, 
1685088265L, -1656436677L, -1868032502L, -1620425236L, -1023653265L, 
512312741L, -668404388L, 626370866L, -1494878163L, 84285159L, 
308558862L, -1207163416L, -721825813L, -1509592951L, 1095885848L, 
1260614470L, -743116383L, -713170893L, -824742494L, -1532520300L, 
-524710121L, 2013702413L, 1014284324L, -682311670L, -2145524363L, 
862807247L, -1311045674L, 1202669440L, 551787459L, 1172802913L, 
1486492624L, 1020453678L, 1674215129L, 1791954155L, -570864294L, 
1780850460L, 1114216991L, 232254069L, 169076492L, 1451227874L, 
-497696835L, 1315604535L, -1751678242L, -1136746984L, 995975547L, 
-2072708839L, -508197464L, -953063082L, -555599407L, 1208285571L, 
1747085330L, 1839541156L, 605010791L, -840130371L, 492124212L, 
-1685505126L, 1980397541L, 1890198399L, -1972804858L, -637858672L, 
791264563L, -1221977391L, -2120515456L, -1713104546L, -292155735L, 
-106227365L, 1004548970L, 1458125324L, 1420143183L, 1155188485L, 
-879423556L, -195810670L, -858410611L, 1008769479L, -735090002L, 
-1184472312L, -340369141L, 1068523497L, 1240041656L, 77905766L, 
40455169L, -784262509L, 602631490L, -417307916L, 1536413431L, 
1747111661L, 1653799300L, -1492060246L, 2012540181L, 828983215L, 
1361946550L, 987659744L, 756847907L, 1450035777L, 968025392L, 
191479630L, 1445438905L, -608782389L, -26063750L, 1395133820L, 
-2013665857L, 1542685333L, 1731543212L, -1795700094L, 625853021L, 
339957079L, 592943166L, -1566524296L, 303351643L, -1023786311L, 
-1272529144L, 1062901174L, 2120755953L, -431186653L, 677091186L, 
-1526131260L, 1573440903L, 1373224797L, 159633748L, -1810201734L, 
177967813L, -1522494433L, 1301840806L, 32888112L, -157706285L, 
-561826319L, -2124192992L, -862319170L, -2073893431L, -1165371013L, 
2083725130L, 833396652L, 1268164271L, -788867995L, 1343992860L, 
1344182898L, 134061293L, 841721127L, -1794363058L, -2024152664L, 
1889867179L, 321531593L, -1901390120L, -286065786L, -1586442655L, 
105633779L, 1016007266L, 521686228L, 1598860759L, 1420330957L, 
78426980L, -60729526L, 758443701L, 1268123151L, -408783082L, 
-883764800L, 1226371459L, -389978207L, 2836368L, 331422830L, 
555420185L, -1187761493L, 2131379866L, -394971044L, 1242942674L, 
-1681204736L, 1129598292L, -1871013400L, -1308247046L, -412913456L, 
-1105085140L, 2080060148L, 1488128402L, -1442728864L, -1007475444L, 
1278751456L, -565810846L, 769641128L, 392172108L, 720470396L, 
-2084960974L, -1779806096L, 197932868L, 835431896L, -284410758L, 
-1742041552L, 2131004092L, -410103980L, 2042451010L, -1060983392L, 
-1152058692L, 579566032L, 1339452770L, 1508847592L, 1951713228L, 
1429683964L, 1696489970L, -426301312L, 1539814644L, -1885260152L, 
654182202L, 71291728L, -1378003348L, -955903852L, -374914734L, 
-958767392L, 1706521292L, 1274384544L, -637576318L, 1657500392L, 
-1984654612L, -471274436L, 616489586L, 160130160L, 104154660L, 
-376617928L, -883660774L, 639748816L, 2006197308L, -1321872236L, 
-839152510L, -1780914240L, -1744299716L, 142029456L, 176217122L, 
-376708088L, 498743436L, -1621988324L, -1586542958L, 979924096L, 
-474087404L, 1484088616L, 1560890938L, 413082832L, 315622508L, 
316330676L, 1738835986L, -701745184L, -914042932L, 1163537888L, 
-1858081246L, -1963726552L, 1466806540L, 663033404L, -488234766L, 
647756528L, -175848636L, 427502168L, 1652208186L, -1199118608L, 
-973013828L, 2099940884L, 308756674L, 903032928L, 1075383676L, 
-1070596912L, 478493730L, -1982203224L, 1834561420L, -935601732L, 
631895090L, 201373504L, 519043252L, -1369332920L, 203782842L, 
-1568919792L, 532601068L, 2066609236L, 471590674L, 2013320096L, 
-2111766580L, -1988768928L, -2136928062L, 515528232L, -1335589460L, 
507248444L, 233459570L, -414620880L, 1472447012L, -1698467784L, 
-2081403686L, -1244921456L, -2071402756L, -450838636L, 650126146L, 
105093632L, -1376411076L, -1418881456L, -2099785054L, 2135518024L, 
-2106148340L, 496454876L, -1537252782L, -1058637696L, 1428118356L, 
-583503384L, 1296984826L, 880408400L, -251673556L, 1918293364L, 
1690685074L, 558668384L, -1118645620L, 235342688L, 1410568930L, 
-1065420632L, 690213068L, -1632898564L, -1546068046L, -1549445648L, 
-34198076L, -1404459176L, 628202362L, -2026799696L, -593223236L, 
-96939948L, 1532867522L, -1189391584L, 641963964L, -308055472L, 
1755102690L, -2102836888L, 514878796L, -1372172036L, -724131086L, 
1632050944L, 351026804L, 2135756808L, 1128391098L, -2027143216L, 
-24782356L, -1484695660L, 1128858322L, -1419641248L, -199793332L, 
-1419188960L, -1182135678L, 971102696L, 836100076L, -557873604L, 
-295405966L, -111432848L, -808150748L, -458141128L, 2024991130L, 
-441910832L, -1601985092L, -537839468L, -449342334L, -1100986944L, 
247081788L, 2123377808L, -1450538206L, 1211782664L, -141077236L, 
310986140L, -339993070L, -274617472L, 1647526676L, -479264472L, 
-1016241094L, -1646326832L, 52497004L, -358563276L, 1103612562L, 
1236411744L, -104187572L, -555620384L, 2033022370L, 894436776L, 
-1360296308L, 1689574844L, 291765874L, -1690143760L, 133230148L, 
-480288680L, 219703354L, -479022992L, -793012164L, -485801708L, 
1219109570L, 2004756192L, -1690158980L, -1288309040L, -1345062494L, 
-1596827608L, 135801612L, -198121028L, -298474702L, -197285184L, 
-662673868L, -609051323L, -1621471345L, -1900807416L, -46465754L, 
225453523L, -1141575883L, 524789394L, 1095729760L, -1584966711L, 
-1187728645L, 60603596L, 837432666L, 872446031L, 1543288089L, 
-369975506L, 1670517052L, 973043373L, -1365610153L, -110886752L, 
745438718L, 1333465291L, -88412467L, -2054440454L, -12393928L, 
-1902854175L, -48580461L, 1981012660L, 2086803394L, -548875305L, 
1134582817L, -1558864922L, 168265444L, -1755155947L, -1115801025L, 
-1063669288L, -217995274L, -1165799421L, 1076378437L, 316084066L, 
-2030014256L, 149781497L, -1105258709L, -130440036L, 311524042L, 
1624699839L, 594386697L, 1780336670L, -1252869684L, -1036889187L, 
411012647L, -1537153968L, -5542674L, 120277403L, 845053949L, 
-1254569238L, -396714616L, 1495059249L, -973126749L, 63407012L, 
144625234L, -1971376729L, -215971343L, -1184416458L, -856717868L, 
1708960613L, 361059183L, 1768533416L, 1140421382L, -2038569421L, 
1004956821L, -757607182L, 732837184L, -453698903L, -1800924389L, 
1310794988L, 1059326202L, 1815566639L, -1764909767L, -1281503410L, 
1994253724L, 668247821L, 537964919L, 929310080L, 1660744670L, 
-802620245L, -309278803L, 2093956122L, 1255027416L, -1746764991L, 
756808691L, -811219436L, -1800855646L, -1466998601L, -1804043647L, 
-642831738L, -1305269564L, -1650373643L, 1894277727L, -1451002696L, 
-732999274L, -1176106077L, -608440475L, -1400478078L, 2093069296L, 
-630200935L, 104680331L, 1259357820L, -675513174L, 68079327L, 
818693225L, 752279166L, 1636865644L, -1928422723L, -818534521L, 
-405462160L, -1841982962L, 1134370619L, -745298915L, 638381258L, 
-180766744L, -1908505391L, 516919491L, 999200708L, -385764238L, 
195718471L, 1374994705L, 580838550L, 787126772L, 166292357L, 
-1513200945L, -1462370360L, -1014147482L, -1511638893L, 947300341L, 
704086482L, 1880009248L, -479968247L, 2129738043L, 198708364L, 
401910042L, -993497201L, -1498992423L, -2077270162L, -1061796100L, 
1841751149L, -1900445673L, 1210423776L, -472455746L, -408065141L, 
